8.000000 14
8.000000 14
8.000000 14
8.000000 14
8.000000 14
8.000000 14
8.000000 14
8.000000 14
8.000000 14
8.000000 14
8.000000 14
8.000000 14
8.000000 14
8.000000 14
8.000000 14
8.000000 14
8.000000 14
8.000000 14
8.000000 14
8.000000 14
8.000000 14
8.000000 14
8.000000 14
8.000000 14
8.000000 14
8.000000 14
8.000000 14
8.000000 14
8.000000 14
8.000000 14
8.000000 14
8.000000 14
8.000000 14
8.000000 14
8.000000 14
8.000000 14
8.000000 14
8.000000 14
8.000000 14
8.000000 14
8.000000 14
8.000000 14
8.000000 14
8.000000 14
0.000000 0
