849.149015 0
849.149015 8
849.149015 7
849.149015 6
849.149015 5
849.149015 4
566.099343 4
1909.243636 0
1909.243636 5
1909.243636 4
1909.243636 3
2244.848485 0
2244.848485 6
2244.848485 5
2244.848485 4
9091.636364 0
9091.636364 3
2244.848485 2
1836.694215 4
9091.636364 2
2639.100000 0
2639.100000 7
2639.100000 6
2639.100000 5
2639.100000 4
10000.800000 0
10000.800000 4
10000.800000 3
11112.000000 0
11112.000000 5
11112.000000 4
100008.000000 14
11112.000000 2
100008.000000 14
2639.100000 1
2345.866667 6
2345.866667 5
2345.866667 4
10000.800000 1
9091.636364 3
11112.000000 1
10000.800000 4
100008.000000 14
10000.800000 2
0.000000 0
