17.0 0
17.0 13
17.0 12
17.0 11
17.0 10
17.0 9
17.0 8
17.0 14
16.0 14
17.0 7
17.0 14
16.0 14
15.0 14
14.0 14
17.0 6
17.0 14
16.0 14
15.0 14
14.0 14
13.136364 7
13.136364 6
17.0 5
17.0 14
16.0 14
15.0 14
14.5 9
14.5 8
14.5 7
14.5 6
17.0 14
14.5 5
17.0 14
16.0 14
17.0 0
17.0 14
17.0 12
17.0 11
17.0 10
17.0 9
17.0 8
17.0 7
17.0 6
17.0 14
16.0 14
17.0 5
17.0 14
16.0 14
15.0 14
14.0 14
17.0 4
17.0 14
16.0 14
15.0 14
14.0 14
13.0 14
17.0 0
17.0 13
17.0 12
17.0 11
17.0 10
17.0 9
17.0 8
17.0 7
17.0 14
17.0 6
17.0 14
16.0 14
15.0 14
17.0 5
17.0 14
16.0 14
15.0 14
14.0 14
13.0 14
17.0 3
17.0 14
16.0 14
15.0 14
14.0 14
13.0 14
12.0 14
17.0 14
11.0 14
17.0 14
16.0 14
17.0 3
17.0 14
16.0 14
15.0 14
14.0 14
13.0 14
12.0 14
11.746154 5
17.0 14
16.0 14
11.746154 4
17.0 14
16.0 14
15.0 14
14.0 14
17.0 0
17.0 13
17.0 12
17.0 11
17.0 10
17.0 9
17.0 8
17.0 7
17.0 14
16.0 14
17.0 6
17.0 14
16.0 14
15.0 14
14.0 14
17.0 5
17.0 14
16.0 14
15.0 14
14.0 14
13.0 14
12.0 14
17.0 2
17.0 14
16.0 14
15.0 14
14.0 14
13.0 14
12.0 14
11.996337 5
17.0 14
16.0 14
11.996337 4
17.0 14
16.0 14
15.0 14
17.0 2
17.0 14
16.0 14
15.0 14
14.0 14
13.461538 8
13.461538 7
13.461538 6
17.0 14
13.461538 5
17.0 14
16.0 14
15.0 14
13.461538 4
17.0 14
16.0 14
15.0 14
14.0 14
13.0 14
13.461538 3
17.0 14
16.0 14
15.0 14
14.0 14
13.0 14
12.0 14
17.0 14
16.0 14
17.0 0
17.0 14
17.0 12
17.0 11
17.0 10
17.0 9
17.0 8
17.0 7
17.0 6
17.0 14
16.0 14
17.0 5
17.0 14
16.0 14
15.0 14
14.0 14
17.0 4
17.0 14
16.0 14
15.0 14
14.0 14
13.0 14
12.0 14
17.0 14
17.0 3
17.0 14
16.0 14
15.0 14
14.0 14
13.0 14
12.0 14
17.0 14
11.0 14
17.0 14
16.0 14
15.0 14
10.076923 3
17.0 14
16.0 14
15.0 14
14.0 14
17.0 0
17.0 13
17.0 12
17.0 11
17.0 10
17.0 9
17.0 8
17.0 14
17.0 7
17.0 14
16.0 14
15.0 14
17.0 6
17.0 14
16.0 14
15.0 14
14.0 14
13.0 14
17.0 5
17.0 14
16.0 14
15.0 14
14.0 14
13.0 14
12.51746 6
12.51746 5
17.0 14
17.0 1
17.0 14
16.0 14
15.0 14
14.0 14
13.933333 8
13.933333 7
13.933333 6
17.0 14
13.933333 5
17.0 14
16.0 14
15.0 14
13.933333 4
17.0 14
16.0 14
15.0 14
14.0 14
17.0 0
17.0 14
17.0 12
17.0 11
17.0 10
17.0 9
17.0 8
17.0 7
17.0 6
17.0 14
16.0 14
17.0 5
17.0 14
16.0 14
15.0 14
14.0 14
17.0 4
17.0 14
16.0 14
15.0 14
14.0 14
13.0 14
12.0 14
17.0 14
17.0 3
17.0 14
16.0 14
15.0 14
14.0 14
13.0 14
12.0 14
17.0 14
11.0 14
17.0 14
16.0 14
15.0 14
17.0 0
17.0 13
17.0 12
17.0 11
17.0 10
17.0 9
17.0 8
17.0 7
17.0 14
17.0 6
17.0 14
16.0 14
15.0 14
17.0 5
17.0 14
16.0 14
15.0 14
14.0 14
13.0 14
17.0 4
17.0 14
16.0 14
15.0 14
14.0 14
13.0 14
12.0 14
17.0 14
11.0 14
17.0 14
16.0 14
17.0 2
17.0 14
16.0 14
15.0 14
14.0 14
13.0 14
12.0 14
11.324786 5
17.0 14
16.0 14
11.324786 4
17.0 14
16.0 14
15.0 14
14.0 14
11.324786 3
17.0 14
16.0 14
15.0 14
14.0 14
13.0 14
17.0 14
17.0 1
17.0 14
16.0 14
15.0 14
14.0 14
13.0 14
12.846154 7
12.846154 6
17.0 14
12.846154 5
17.0 14
16.0 14
15.0 14
12.846154 4
17.0 14
16.0 14
15.0 14
14.0 14
13.0 14
12.846154 3
17.0 14
16.0 14
15.0 14
14.0 14
13.0 14
12.0 14
17.0 14
16.0 14
11.0 14
17.0 14
16.0 14
15.0 14
17.0 0
17.0 13
17.0 12
17.0 11
17.0 10
17.0 9
17.0 8
17.0 7
17.0 14
16.0 14
17.0 6
17.0 14
16.0 14
15.0 14
14.0 14
17.0 5
17.0 14
16.0 14
15.0 14
14.0 14
13.0 14
12.0 14
17.0 4
17.0 14
16.0 14
15.0 14
14.0 14
13.0 14
12.0 14
11.716667 5
17.0 14
16.0 14
11.716667 4
17.0 14
16.0 14
15.0 14
17.0 1
17.0 14
16.0 14
15.0 14
14.0 14
13.166667 8
13.166667 7
13.166667 6
17.0 14
13.166667 5
17.0 14
16.0 14
15.0 14
13.166667 4
17.0 14
16.0 14
15.0 14
14.0 14
13.0 14
13.166667 3
17.0 14
16.0 14
15.0 14
14.0 14
13.0 14
12.0 14
17.0 14
16.0 14
17.0 0
17.0 13
17.0 12
17.0 11
17.0 10
17.0 9
17.0 8
17.0 7
17.0 6
17.0 14
16.0 14
17.0 5
17.0 14
16.0 14
15.0 14
14.0 14
17.0 4
17.0 14
16.0 14
15.0 14
14.0 14
13.0 14
12.0 14
17.0 14
17.0 3
17.0 14
16.0 14
15.0 14
14.0 14
13.0 14
12.0 14
17.0 14
11.0 14
17.0 14
16.0 14
15.0 14
10.0 14
17.0 14
16.0 14
15.0 14
14.0 14
17.0 2
17.0 14
16.0 14
15.0 14
14.0 14
13.0 14
12.0 14
11.0 14
17.0 14
16.0 14
10.888889 4
17.0 14
16.0 14
15.0 14
14.0 14
10.888889 3
17.0 14
16.0 14
15.0 14
14.0 14
13.0 14
17.0 14
12.0 14
17.0 14
16.0 14
0.0 0
