0.940023 13
0.803910 6
0.978084 24
0.841804 5
0.860065 14
0.494667 24
0.803334 11
0.909086 6
0.977528 6
0.761005 18
0.859043 12
0.902238 19
0.654655 1
0.757525 0
0.590132 6
0.996416 8
1.061002 13
1.087897 6
0.792358 21
0.816961 22
1.022234 6
0.760471 3
1.029201 11
0.826166 18
0.952666 23
0.777758 14
0.849878 17
0.718828 14
1.067553 4
0.816320 5
0.688592 6
0.855824 8
0.762251 11
0.979131 11
1.082419 3
0.929429 13
0.980876 21
0.607383 2
0.836066 6
0.844433 20
1.074280 13
1.060086 24
0.840807 22
0.942331 7
0.851867 7
0.950194 13
1.004173 8
0.672574 12
0.761938 3
0.889036 21
0.878971 24
1.061890 5
1.056845 14
1.067215 23
0.819705 19
0.820590 24
0.959331 9
0.901714 9
0.778301 18
0.802636 4
0.837537 9
0.880176 6
1.033631 21
0.448561 0
0.833859 24
0.922257 12
0.577650 5
0.931323 7
1.093898 12
0.906773 15
0.847974 6
0.587670 22
0.928563 24
0.907424 23
0.913095 13
1.037209 21
0.957701 8
0.867362 16
0.824998 23
0.992462 2
0.681937 4
1.097316 17
0.829662 21
0.903344 11
0.633061 1
0.935564 9
1.084069 10
0.694519 0
0.896561 21
1.049616 19
1.026555 16
0.884216 3
0.766088 4
1.080669 8
0.859240 7
1.009756 17
1.067539 2
0.797884 6
0.870703 5
1.025751 0
