0.874610 14
1.478636 15
1.542895 15
1.497909 4
1.429459 7
0.000000 0
1.600033 4
1.866990 2
1.479696 14
1.409217 4
1.555039 2
0.000000 0
1.417228 14
1.747432 2
1.550942 17
1.535964 18
1.455715 9
1.227615 14
1.796219 12
1.840893 3
1.668160 4
1.637529 15
1.483298 17
1.386657 3
1.673788 1
1.242423 13
1.446090 10
1.780275 14
1.663333 10
1.254297 3
0.000000 0
1.524299 1
1.545406 16
1.822712 2
1.623725 8
1.681387 18
0.000000 0
1.115359 8
1.800492 1
1.520962 16
1.782780 8
0.000000 0
1.451872 0
1.671488 4
1.568055 3
1.714072 17
1.310266 16
1.575320 6
1.700841 9
1.848891 3
