0.844381 0
1.286542 4
1.428358 0
1.339151 2
1.692606 0
1.181984 0
1.299116 2
0.957508 2
1.317050 0
1.617774 4
1.122882 2
0.932994 4
1.465863 0
0.928739 2
1.030725 2
1.313550 1
1.312789 0
1.914862 4
1.455865 3
1.224854 3
1.261034 1
1.386345 0
0.833270 2
1.224891 2
1.645373 2
1.090007 3
1.083399 3
1.063228 3
1.230522 1
1.222229 1
1.262309 2
1.766079 1
1.231953 3
1.460484 1
0.936159 4
1.349102 4
1.203914 4
1.007092 1
1.428200 0
1.061697 2
1.082603 4
1.384947 4
1.711355 2
1.597704 2
1.073754 2
1.188179 1
0.780150 3
1.380433 0
1.544910 1
1.375494 3
1.449964 1
1.261493 3
1.201997 4
1.135176 0
1.323786 0
1.490339 4
1.166221 2
1.211910 3
1.295290 1
1.055966 0
1.474736 0
1.565182 0
1.517036 1
1.757062 2
1.224613 3
1.372966 2
1.549091 2
1.022870 2
1.058966 1
1.345416 2
1.646158 2
1.609002 2
1.122388 1
1.255242 4
1.504412 0
1.043435 4
1.432443 4
1.285787 2
1.812455 2
1.018296 0
1.029257 3
1.195480 0
0.974425 4
1.645013 2
1.374676 3
1.178710 0
0.992515 2
1.006533 4
1.050806 2
1.766477 4
1.676158 2
1.290708 4
1.449885 3
1.105494 0
1.129288 0
1.150765 1
1.171422 3
1.254673 3
0.502401 2
1.165082 1
1.466600 3
1.627633 4
0.887058 1
1.063870 0
1.522516 2
1.080816 2
1.192137 1
1.201787 3
0.990888 2
1.201607 0
1.218376 4
1.303327 2
1.021939 3
1.439904 1
1.763694 3
1.402201 3
1.786038 0
1.497521 1
1.277081 2
1.619202 2
1.454991 1
1.363624 4
1.699753 3
0.924653 0
1.215100 4
1.372895 2
1.156322 4
1.454597 2
1.264636 4
1.568683 1
1.644500 3
0.456876 1
1.636480 2
0.775103 2
1.546704 3
1.171791 1
1.678279 1
1.474163 1
1.336561 2
1.705632 1
1.063357 3
1.183227 3
1.913101 4
1.267500 4
0.898908 1
1.367118 4
1.560619 1
1.912074 2
1.066617 3
1.193331 1
1.329817 4
1.373447 0
1.858278 1
1.208430 4
1.891593 2
1.507238 0
1.767576 1
1.210996 2
1.645239 0
1.554979 1
1.105419 3
1.201100 0
1.248120 1
1.189644 2
1.319180 2
1.119244 4
1.254872 1
1.707087 1
1.536788 2
1.046203 1
1.729424 0
1.767719 1
1.689520 3
1.180729 1
1.814788 1
1.514633 1
1.405147 3
1.185487 0
0.944394 2
0.988038 2
1.539034 0
1.609652 4
1.125854 4
0.804748 0
0.989807 1
1.251234 1
1.130143 4
1.620115 2
1.488829 4
1.043252 3
0.712667 4
1.514760 1
1.284663 2
1.338327 3
1.045767 0
1.011596 2
1.271377 1
1.307759 1
1.553638 2
1.299287 0
1.476249 4
1.461227 1
1.366502 1
1.330755 2
1.556852 4
1.404413 3
0.889701 3
0.904343 4
1.254947 2
1.653041 3
1.119754 4
0.849979 1
1.202790 1
1.950257 4
1.181287 1
1.669915 4
1.148224 4
1.054670 2
1.173951 2
1.341735 0
2.011814 0
1.254807 3
1.190944 1
1.829343 3
1.171086 2
0.764225 2
0.724895 2
1.190871 4
1.185978 1
1.721651 0
1.663740 1
0.706996 4
1.183077 1
1.329666 3
1.412925 2
1.014428 0
1.351981 0
1.067068 0
0.970874 3
1.198585 4
1.793723 2
1.522788 2
1.357510 2
1.413793 4
1.363359 0
1.225420 2
1.207312 2
1.431018 2
1.150959 1
1.463878 1
1.615088 0
1.122045 4
1.408295 3
0.706778 4
1.191188 0
1.345415 3
1.253721 3
1.352126 0
1.019418 2
1.307953 0
1.418771 2
0.490757 1
1.024942 1
1.007726 2
1.628445 1
0.965800 3
1.290230 1
1.291584 1
1.781188 0
1.186085 3
1.433174 1
1.300191 2
1.133731 3
1.222632 1
1.397713 4
1.626028 3
1.649895 1
1.442470 2
0.966674 4
1.883093 3
1.388095 4
1.799488 0
1.486263 2
0.679245 4
1.793661 1
1.674594 2
1.426294 3
1.138358 1
1.569035 1
1.263851 4
1.287020 3
1.337405 0
1.070701 3
1.364509 2
1.276073 1
0.967620 3
1.567766 2
1.017166 3
0.997516 4
1.432844 2
1.401051 0
1.084632 2
0.952349 1
1.652510 4
1.004568 0
0.924813 0
1.703359 4
1.411597 3
1.463543 2
1.049315 2
1.531426 0
1.341218 2
1.272403 1
1.089177 1
0.921927 1
1.122671 0
1.283699 1
0.863437 0
1.274461 0
1.605255 4
1.308161 3
0.846704 4
1.642007 3
1.416256 4
1.717985 4
1.285837 3
1.358999 3
1.234027 1
1.708010 0
1.254671 1
0.886098 1
0.679638 4
1.499224 1
1.805363 3
1.543501 4
1.518375 0
1.214909 2
1.026677 4
1.226407 0
1.012992 3
1.027268 4
0.937242 1
1.177169 3
0.979160 0
1.229602 1
0.988815 4
1.032703 3
1.477333 4
1.669597 0
1.207437 3
0.636262 4
1.140798 0
1.168636 0
1.495777 3
1.749979 0
1.189126 2
0.838143 2
1.597016 3
1.525899 3
0.990884 2
1.273309 3
1.091981 4
1.631843 3
1.630760 3
1.229908 3
1.426262 4
1.684395 1
1.104175 2
1.067298 3
0.999727 4
1.413104 3
1.094535 4
1.508028 4
1.603381 3
1.309264 4
1.074329 3
1.337746 4
1.515722 4
1.291566 1
1.501434 1
1.036717 0
1.078104 0
1.463259 2
1.414651 4
0.769634 3
2.140745 1
1.432838 3
1.583581 1
0.966515 0
1.565323 2
1.244339 2
1.170375 0
1.509758 3
1.212020 1
1.109700 3
1.383318 3
0.762838 2
1.179027 4
1.489807 4
1.149349 1
1.339376 3
1.451369 3
1.704677 2
1.199300 0
0.980552 3
0.698297 3
1.317618 1
0.893687 1
1.451541 1
1.558082 1
1.814272 1
1.453157 4
1.778022 0
1.316228 2
1.332172 4
1.219435 4
1.163183 2
1.264542 4
0.992966 2
1.328465 1
1.422134 2
1.248860 2
1.154246 3
1.144579 1
1.689614 3
1.155091 3
1.687704 3
1.759149 1
1.575097 1
1.446037 1
0.932361 2
1.665775 2
1.606161 4
1.051970 2
1.496583 3
0.918263 2
1.190321 3
0.580531 4
0.588730 0
1.244451 2
1.103230 3
0.924849 2
1.313709 0
1.759281 4
1.446225 1
1.571758 1
1.583573 0
1.224621 1
1.051575 4
1.611268 4
1.218595 0
1.187034 2
1.181042 0
1.858525 0
1.669651 2
1.354664 4
1.311102 1
1.078789 0
1.293064 3
1.502064 0
1.569918 4
1.301781 4
1.827533 0
1.466042 2
1.416925 3
0.976604 1
0.896164 0
1.473403 2
1.262825 0
1.160234 2
1.119901 1
1.767271 1
1.448427 3
1.069424 2
1.261461 2
1.488811 0
0.752582 3
1.022122 3
1.418158 4
1.282922 4
0.994608 4
1.309444 1
1.140096 0
1.082442 0
1.261127 0
1.194174 4
1.083384 3
1.482998 2
0.844649 0
1.876423 2
1.423753 1
1.451992 1
1.438771 3
0.410236 4
1.366122 4
1.418012 3
1.002275 0
1.071181 4
1.580182 1
0.913004 1
1.043345 4
1.258445 0
1.273250 3
1.867389 3
1.232603 0
1.266267 0
1.092132 1
0.988044 4
1.563523 3
1.033754 3
1.431688 4
1.665432 4
1.239009 2
1.479198 0
1.329927 4
1.212268 3
1.667612 1
1.056155 2
1.199557 0
1.139791 2
1.002455 2
1.402287 2
1.661918 1
1.267723 1
1.184699 4
1.431935 4
0.951232 0
1.587920 2
1.040893 0
1.740531 2
1.212952 0
1.061019 0
1.392046 1
1.420268 1
1.620406 3
1.148613 3
1.212265 2
1.501275 0
1.020883 4
1.167708 1
1.315931 2
1.071805 0
2.006245 2
0.762742 4
1.693379 2
1.324259 1
1.302375 2
1.324592 1
1.153860 4
1.328681 2
1.397180 3
1.503915 3
1.380951 4
1.262642 3
1.411494 1
1.011694 4
1.609138 0
1.185499 1
0.859933 2
1.248784 3
1.210686 1
0.974656 4
1.252508 1
1.222212 4
1.368395 4
0.931735 4
1.089846 0
1.162001 2
1.588905 1
1.166314 3
1.462389 2
1.543781 1
1.276290 0
1.409341 4
1.289506 2
0.932334 1
1.623589 1
1.230336 0
1.606987 2
1.124560 3
1.656066 1
1.702260 2
1.100058 4
0.982417 3
1.351884 2
1.522965 4
1.323409 0
1.249243 0
1.070298 0
1.856926 0
1.363965 0
1.598227 1
1.178905 0
1.424456 1
1.629848 0
1.107427 3
1.007475 4
1.079102 4
0.986263 4
1.353168 3
1.394913 1
1.316625 2
1.433933 3
1.278525 4
1.947431 2
0.954123 0
1.830379 3
1.186308 4
1.348112 0
1.264895 4
1.252594 3
1.434299 3
1.434829 0
1.198081 0
1.607897 3
1.382066 3
1.237477 4
1.224630 0
1.573059 0
1.536155 0
1.104435 2
1.339943 0
1.263206 1
1.338713 4
0.944300 3
1.160550 2
1.537213 1
1.111599 3
1.059719 3
0.979002 2
1.550425 0
0.728466 1
1.459039 0
1.326783 2
1.826872 3
1.237700 0
1.438720 2
1.464480 1
1.028757 2
1.243359 0
1.188822 0
1.023184 3
0.788690 2
1.542441 4
1.734415 1
0.976763 1
1.998342 0
0.929920 3
1.156304 4
1.065522 3
0.891214 2
1.281048 4
1.278822 2
1.523162 1
1.453503 0
1.163146 4
1.078318 2
1.366884 1
0.969965 3
1.674856 1
1.650105 1
1.552115 2
1.196531 3
1.717318 4
1.447266 0
1.219187 3
1.218359 2
1.257398 4
1.295715 1
1.428083 4
1.528381 4
1.464847 4
1.256918 1
0.711042 4
1.151218 3
1.136331 4
1.792949 0
1.082345 2
1.127657 0
1.292708 0
1.159449 1
1.603831 2
1.490784 2
1.612095 4
1.049741 1
1.416285 1
1.306997 4
1.411568 3
1.147188 4
1.520078 1
1.661014 3
1.576502 0
1.706545 1
1.359479 3
1.196139 3
0.928632 4
1.464283 0
0.903114 3
0.977060 1
1.248216 1
1.105933 0
1.758104 3
1.099108 3
0.966284 2
1.446325 4
1.408223 4
0.940006 2
1.521449 1
1.053067 0
1.195847 2
1.799529 1
1.187316 1
1.332200 0
1.201808 0
1.560258 1
1.918550 1
1.262549 1
1.570655 3
1.069062 2
1.362185 0
1.314063 0
1.652178 4
1.696254 1
1.467262 4
1.287580 2
1.531843 1
1.351537 2
1.018575 0
1.454994 4
1.638274 4
1.551727 0
1.328840 0
1.484473 4
1.133642 3
1.362201 4
1.106502 1
2.015529 3
1.645394 2
0.944429 2
1.038088 2
1.838631 4
0.806084 0
1.050016 4
1.198191 0
1.266056 3
1.469326 0
1.161881 3
1.851994 2
1.517295 2
1.196660 2
0.744618 4
1.528849 0
1.844530 0
1.039078 3
1.308375 3
1.142357 4
0.568903 0
1.298092 3
1.337841 3
1.335117 2
0.897645 4
1.539848 4
1.609081 1
0.840657 4
1.108898 2
1.600171 0
1.001790 0
1.315426 1
1.117478 3
1.388315 0
1.290995 2
1.043573 0
1.051281 4
1.343599 0
1.294277 3
1.316758 0
1.511753 1
1.428346 2
1.193162 4
1.351714 0
1.769070 3
1.434288 3
1.384619 4
0.850109 3
1.304399 4
1.313945 0
1.607283 4
1.017672 0
1.470808 4
0.759527 4
1.337833 4
1.219981 1
1.500489 4
1.289659 1
0.910955 3
1.222657 0
0.897068 2
0.898247 1
1.950718 1
1.449921 4
2.132531 0
1.435480 1
1.173569 1
1.561523 0
1.943671 0
1.639852 1
0.890582 1
1.494357 0
1.710829 4
1.529227 4
1.194909 4
1.087304 0
1.014479 3
1.101789 1
1.432919 1
1.594688 3
1.216226 3
0.987216 2
0.928433 0
1.250626 3
1.536850 3
1.369111 4
1.565109 4
1.257723 4
1.347823 3
1.252741 0
1.432355 1
1.128885 3
1.618175 2
1.593930 1
1.674413 2
1.229257 3
1.451485 3
1.672272 4
1.781143 3
1.110083 1
1.698358 3
1.030041 1
1.513693 4
1.307226 1
1.052217 4
1.451316 1
1.365607 3
1.428873 4
1.199498 1
1.105777 2
1.499330 2
1.061360 3
1.536142 3
1.370425 1
1.444167 4
1.823027 0
1.554043 2
0.821835 3
1.882988 0
1.278890 0
1.032262 4
0.895698 4
1.064050 1
1.068288 4
1.553799 0
1.674262 0
1.546620 4
1.511535 2
1.079233 3
1.267691 1
1.753704 0
1.470081 0
1.565509 0
0.857826 0
1.103008 0
1.293176 0
1.297592 1
1.512789 2
1.265201 0
1.326772 3
1.655145 3
1.428359 2
1.239212 0
1.557288 4
1.661616 3
1.482899 2
1.350487 2
1.336664 0
1.341324 4
1.031987 3
1.567632 2
1.388268 3
1.746192 4
1.065281 0
1.008678 4
1.728740 2
1.356724 1
1.161970 1
1.149579 0
1.088441 1
1.018242 3
1.314067 2
1.175912 4
0.977188 2
1.229371 1
0.295770 4
1.013228 4
1.615197 0
1.668150 4
1.268611 4
1.342639 3
1.293290 4
1.979283 2
1.233125 1
1.527093 3
0.941347 3
0.963499 2
1.393380 2
1.783844 0
1.170788 2
1.674236 3
1.470367 1
0.910093 3
1.360429 3
1.368435 3
1.350543 1
1.076636 3
1.600461 4
1.262245 1
1.028226 0
1.135158 4
0.931075 1
1.264023 4
1.210013 0
1.352287 2
0.843677 3
1.295792 3
0.809384 2
1.352162 2
0.907245 3
1.504531 0
1.358827 4
1.224429 1
0.939836 0
0.903191 4
1.040794 2
1.189705 1
0.973029 1
1.271133 0
1.115534 4
1.481958 1
1.224888 1
1.337626 1
0.783649 3
1.460729 1
1.616606 1
1.470007 1
1.271507 2
0.810970 2
1.565175 0
1.006474 2
1.217704 1
1.380938 0
1.259497 0
1.709280 4
1.277384 2
1.307250 3
1.168108 4
0.962764 4
1.487748 4
0.916324 2
1.287925 3
0.929197 0
1.192283 0
0.950378 3
1.701282 0
1.344076 3
1.768965 4
1.314770 1
0.955176 4
0.723809 1
1.279622 2
1.643174 2
1.520184 2
1.045107 1
0.712106 2
1.142739 4
0.720289 0
1.281590 0
1.640182 1
0.997290 2
1.267634 1
1.511165 2
1.234602 3
0.753480 3
1.453934 4
1.486864 2
0.927731 4
1.588220 3
0.743783 2
1.881987 4
1.009347 4
1.481153 0
1.319633 3
