0.205414 15
-0.237817 9
-0.046925 5
-0.196616 6
0.028287 12
0.000000 5
-0.071886 9
0.130950 5
-0.498857 2
-0.287439 14
-0.438632 18
0.000000 7
0.330130 11
-0.538244 12
0.122818 19
0.741245 3
0.854784 9
-0.349801 0
0.604391 12
-0.542762 7
0.086884 12
-1.036644 0
-0.691314 0
0.352362 13
0.123519 10
-0.120214 12
0.521348 14
-0.149784 5
-0.166443 18
0.096633 8
0.000000 17
-0.078575 13
0.102451 11
0.711705 13
-0.367926 0
0.598270 3
0.000000 4
-0.446938 18
-0.071923 0
0.404352 1
0.190717 18
0.000000 0
-0.221310 19
0.543196 6
-0.308132 0
0.617880 3
-0.371051 15
0.056167 9
0.045179 19
-0.530577 10
