0.000000 0
1.371269 0
1.732391 1
1.680378 2
1.170535 1
1.674729 2
1.627314 0
1.835984 1
1.714483 1
2.237693 0
1.084209 0
1.628722 1
1.623296 2
1.399467 1
1.363819 1
1.831920 2
1.444156 0
1.536371 1
2.450670 2
1.548070 1
1.791400 1
1.147575 0
1.383672 0
1.684359 2
2.053774 2
1.866588 1
1.580532 0
0.000000 0
0.000000 0
1.278994 2
1.490646 0
0.000000 0
1.446939 2
0.000000 0
1.941823 0
1.456855 1
2.277360 1
1.201988 2
1.343706 1
1.158005 0
2.255418 1
1.288933 1
2.014642 0
1.720020 1
0.000000 0
2.378890 1
2.205115 0
1.606680 2
1.535941 1
1.600002 2
0.000000 0
1.823354 1
1.453372 2
1.474287 2
1.213728 1
1.280311 0
1.597236 0
1.133728 1
2.001431 1
1.630964 2
1.385541 1
1.838129 0
1.345418 1
1.428686 2
2.147469 1
1.367563 2
1.264216 1
0.000000 0
0.000000 0
1.655690 2
1.343258 1
1.243748 1
1.615352 2
1.576294 0
1.347889 2
1.609952 2
1.572574 1
2.079405 0
1.673699 2
0.737112 2
1.761361 0
1.206528 2
1.684479 1
1.624851 2
0.000000 0
1.452370 1
2.249706 0
2.608860 0
0.000000 0
1.568440 2
1.154946 0
1.709585 1
2.445647 0
1.975262 1
1.965901 1
2.487246 0
1.900971 2
1.909126 1
1.487731 0
2.073407 0
0.000000 0
0.000000 0
1.495797 2
1.671127 1
1.584053 1
1.403335 0
2.130554 0
1.731375 0
1.507101 1
1.666946 1
1.385311 2
1.514517 0
1.577012 2
0.000000 0
1.191942 2
1.200708 0
1.399691 0
1.217133 0
0.000000 0
1.763321 0
2.021150 0
0.000000 0
1.659801 1
2.675792 0
0.000000 0
1.204546 1
1.875340 2
1.406978 2
1.614202 0
1.302868 0
1.128820 2
1.596981 0
2.127111 0
2.136683 2
1.868500 1
1.197293 2
1.424327 0
1.439063 2
1.263831 0
0.000000 0
1.569831 1
0.938280 1
1.721833 2
1.603196 1
2.472410 2
2.118434 1
1.222044 2
1.716416 0
1.908963 0
1.299132 1
1.729183 1
0.760613 2
1.759862 0
1.647876 0
2.404120 1
1.589618 0
1.644781 0
1.558124 0
1.502953 1
1.831589 2
1.499965 0
2.196213 0
1.512386 0
1.831687 1
1.164797 0
1.377609 0
1.380163 1
1.229666 2
1.862891 1
1.782063 1
1.728730 0
1.829282 0
2.243933 2
1.323727 0
1.375397 0
1.793211 2
1.691997 1
0.000000 0
1.648446 1
1.547375 2
0.000000 0
1.632257 1
1.404576 1
1.757329 2
1.364761 1
1.358422 2
1.933093 0
1.926748 2
2.271099 2
2.450802 2
2.046622 1
1.380888 1
1.673811 2
0.000000 0
1.447811 2
1.931808 1
1.529627 0
2.080165 0
0.000000 0
1.465061 0
2.268616 1
1.744112 0
0.000000 0
1.825498 0
1.916696 2
1.254889 0
1.686635 2
1.950212 2
1.417927 0
1.520321 2
1.215842 0
1.684383 1
1.748298 1
0.000000 0
1.764050 1
2.022348 2
0.000000 0
1.489839 1
1.541671 1
1.657004 2
1.420781 0
1.895643 0
1.368036 1
1.651739 0
1.555366 0
0.990003 1
1.782959 1
2.119476 0
2.555380 1
2.357099 2
2.188567 0
1.500023 0
1.693042 2
0.000000 0
2.132043 0
1.777408 1
1.711084 2
0.000000 0
1.796782 0
1.770601 1
1.933432 0
2.183351 0
1.425672 0
1.512190 0
0.928426 1
1.597332 1
2.107609 2
2.039784 0
1.547393 0
0.000000 0
1.672116 0
1.832999 1
2.302397 0
1.688588 2
1.519538 1
1.830871 1
1.584897 1
2.206970 1
1.388133 1
1.977289 1
1.635605 1
2.075990 2
1.849447 2
1.876602 0
2.055463 0
1.396376 2
1.726633 1
1.724329 0
1.610862 2
2.234077 2
2.233354 1
1.459430 1
2.310605 2
2.271812 1
1.601197 2
1.453412 0
1.312611 0
1.979714 2
2.060812 0
1.427893 1
1.824848 1
2.203040 0
1.603503 1
1.795323 0
0.000000 0
1.756885 0
2.147925 0
1.826754 0
2.304129 2
2.175266 1
1.688826 0
2.105892 1
1.848512 2
1.787735 0
1.409488 2
2.548018 2
1.981082 2
2.015357 0
1.267316 1
1.386602 0
1.673426 1
2.804987 1
1.358855 1
1.284571 2
1.554931 0
1.932596 0
2.045911 2
1.279940 2
1.832561 0
2.147207 2
1.773180 1
2.021313 2
1.959998 0
0.911974 0
1.138573 0
1.739686 1
1.490732 2
1.891995 1
2.303848 1
2.113908 2
2.090358 2
1.272123 0
1.764089 2
1.395395 0
1.448256 0
1.827159 0
2.018310 1
1.749833 1
1.698603 2
2.101827 1
2.005210 2
1.308644 2
1.501232 2
1.971065 2
1.514021 0
2.077528 1
1.451657 2
1.204153 1
1.051696 2
1.741619 1
2.351287 1
0.709983 2
1.415992 0
1.704643 1
2.202226 2
1.579992 1
1.918009 2
1.732658 1
1.992647 0
1.961554 1
1.399946 2
1.613681 1
1.851752 2
1.962975 1
1.909281 0
1.923388 2
1.879272 2
1.522471 0
1.493880 0
1.708245 1
1.405247 1
1.753157 1
0.000000 0
2.128613 0
1.438524 0
1.240440 2
1.448163 0
1.732205 2
1.714466 0
1.572833 0
1.376035 2
1.310056 0
1.348473 2
1.936611 0
2.223890 1
1.165098 2
0.000000 0
1.666705 1
1.630466 1
1.536120 1
0.000000 0
1.909877 2
1.597263 1
1.930468 1
0.000000 0
1.617590 0
2.321832 0
2.022177 1
1.245961 2
1.746373 2
1.886730 2
0.000000 0
1.507329 2
1.365783 1
1.097878 2
1.439981 1
1.068976 0
1.430991 1
1.445861 0
1.380364 1
1.754525 1
1.310604 1
1.614468 2
2.553157 0
1.760584 0
1.457750 1
1.969265 0
0.000000 0
1.705785 1
1.911745 1
0.000000 0
2.262905 2
1.572617 0
2.325648 1
1.012012 0
1.043430 0
1.581454 2
1.510481 0
1.867859 1
1.421932 2
2.287885 0
0.000000 0
1.532347 0
1.174038 1
1.329759 0
2.224954 0
1.746953 2
1.590445 0
1.604255 2
1.850790 1
1.325821 0
1.761820 0
1.557293 1
2.171182 0
2.127440 2
1.338981 1
1.479791 2
1.117608 2
1.066085 0
2.219520 1
1.213911 0
2.085492 1
1.979613 2
1.353457 1
0.944687 2
1.389884 2
2.074675 0
1.820112 1
2.110984 2
1.926313 1
1.421035 1
1.607029 1
1.836687 2
0.000000 0
1.310667 1
1.583273 1
1.827406 2
1.820055 0
1.861122 2
1.690474 0
1.503833 1
0.981161 0
1.780835 1
1.003728 2
1.558910 2
2.203355 0
2.089593 2
1.562742 2
1.503001 1
1.586127 0
1.604939 1
0.000000 0
0.679418 1
1.619034 0
1.975837 0
1.476138 0
1.597816 2
1.511742 1
1.951159 2
1.898368 0
1.355503 0
1.291146 0
1.801780 0
1.396160 1
1.725910 2
1.610434 0
1.123099 1
1.926840 2
0.951512 1
0.000000 0
1.030598 2
1.711999 2
1.831740 2
1.751261 2
1.263464 2
1.484341 2
1.779656 1
1.075082 2
1.567740 1
2.551550 1
1.851135 0
1.687191 2
1.584858 0
1.576606 1
2.226576 2
1.594134 2
2.209601 0
1.531076 1
1.447824 1
1.293818 1
1.546538 2
1.482015 0
1.418969 2
1.747682 2
2.332035 1
1.369028 2
1.504865 2
1.581946 2
1.979769 0
1.886464 1
1.991017 2
1.745671 1
0.000000 0
1.895218 2
2.190056 2
1.913980 2
1.524456 0
1.609616 1
1.784750 2
2.465175 1
1.557287 2
1.794386 1
0.000000 0
1.421416 2
1.989435 1
1.808177 0
1.658103 2
1.383931 2
1.823634 0
1.744529 2
1.859771 1
0.000000 0
1.766115 2
1.674602 1
2.121974 2
2.186639 2
1.634408 1
1.728455 0
1.721319 0
2.037806 2
1.861398 1
0.995081 0
1.569994 1
1.443746 2
1.977551 1
1.589223 0
1.734992 0
2.009905 2
1.608884 2
0.000000 0
1.552093 2
1.820737 2
1.363479 1
1.552655 2
2.201504 1
0.000000 0
1.720450 1
0.000000 0
2.180327 2
1.018595 1
1.741897 1
1.998592 0
1.339700 0
0.909573 0
1.362886 2
1.424675 0
1.248580 2
1.755510 0
1.663895 2
2.811901 2
1.380457 2
2.129196 2
2.198129 0
0.000000 0
1.816714 2
0.866594 2
2.168006 1
1.070415 0
2.285847 0
1.341952 1
1.433539 1
0.000000 0
1.496430 1
1.746518 0
1.355435 1
1.723039 0
1.114532 2
0.996345 2
2.155568 0
1.867591 2
0.000000 0
1.459116 2
1.563230 2
1.745510 2
1.057974 2
1.404138 1
1.421579 1
1.843580 1
1.441651 2
0.000000 0
1.546561 1
1.590881 2
1.600850 2
2.178652 1
1.665432 1
0.957658 2
1.895676 1
1.431741 1
1.601177 1
1.326725 1
0.000000 0
1.926410 1
1.859657 1
1.317725 1
1.488112 0
1.628301 0
2.525329 0
0.000000 0
1.279422 1
1.246949 2
1.577004 0
1.565558 0
1.529412 0
1.638565 1
2.158197 2
2.051952 2
1.447739 1
0.988285 0
1.208433 0
1.365897 2
1.768228 1
1.296490 0
1.715249 0
1.398781 2
2.009333 2
1.622288 0
2.210039 1
1.912317 1
1.706458 0
1.762346 0
1.375461 0
2.186919 2
1.521115 2
1.711932 1
0.000000 0
1.283816 0
1.572631 2
1.092131 2
1.337690 1
1.470285 0
1.990878 1
0.000000 0
2.225258 2
1.568979 0
1.752029 1
1.674632 1
1.871414 2
1.577858 0
2.204626 2
1.196702 2
1.748309 1
1.694140 0
0.495727 2
1.972498 1
2.139485 1
1.814023 2
1.964937 1
1.560296 2
1.761837 0
0.886279 1
2.376258 0
2.170694 1
1.627538 0
1.198304 0
2.108862 0
1.755618 2
1.895209 1
1.521339 1
2.308624 0
1.466104 1
2.202567 1
1.746140 0
2.238326 1
2.094994 2
1.108959 2
1.381841 2
1.907115 0
1.327879 0
1.804131 0
1.446663 0
2.241890 0
1.046265 0
1.382633 2
1.778910 2
1.109248 0
1.522917 0
1.363264 1
1.179455 2
1.724112 2
1.016090 2
1.489172 1
1.138974 1
1.170018 2
1.561706 2
2.121033 0
1.761743 2
2.346472 2
1.540084 1
1.569734 1
1.834119 0
1.305785 2
1.929338 1
1.302514 2
1.453035 1
1.629044 2
0.000000 0
2.225816 1
1.327514 1
0.866486 2
2.114752 0
1.941151 2
1.813846 0
1.935479 0
2.102386 1
1.631533 2
1.402388 1
1.751101 0
1.772042 0
1.671906 1
1.953526 1
1.976050 2
1.794362 0
1.924022 0
2.260819 2
1.806645 1
1.179089 1
1.905598 2
1.613758 2
2.036299 2
1.386119 1
2.208715 1
1.592989 2
1.173604 2
0.990337 1
1.603093 1
1.273112 1
1.815668 2
1.021341 1
1.531607 1
1.785643 0
1.640184 1
1.853152 0
2.229402 2
1.613807 0
1.635058 1
1.667084 2
2.812849 2
1.393673 0
2.269260 1
1.667147 2
1.102537 0
1.245720 2
1.357674 2
1.230260 0
1.574370 2
1.140739 0
1.703206 1
1.742919 0
1.870371 0
1.616324 1
1.574856 0
1.100007 1
1.291104 0
0.000000 0
0.828007 0
0.000000 0
1.566242 0
1.576910 2
0.000000 0
1.176202 2
1.786141 0
2.048027 1
0.868576 2
1.173824 0
1.900505 0
1.924599 2
1.453444 1
0.000000 0
1.303659 2
2.575096 2
0.000000 0
2.006332 0
1.082013 1
0.000000 0
0.000000 0
1.189280 0
2.643580 0
0.649872 0
1.119266 1
1.037809 2
1.627291 0
2.272467 2
1.780304 1
2.195865 1
1.074206 1
1.516691 0
1.356510 0
1.740372 2
1.415770 2
2.560783 0
1.816568 2
1.204573 0
2.026253 2
1.261010 2
1.746083 0
1.827346 2
1.933425 1
1.626140 1
1.606647 1
1.354846 2
1.769239 0
1.936269 0
0.000000 0
1.664357 0
1.492700 1
1.844576 1
1.387427 0
1.471408 0
1.237358 0
2.446441 1
1.344530 1
1.897558 1
1.499143 1
1.424125 2
1.461354 0
2.270508 1
1.816810 1
1.335123 0
1.754701 2
1.792720 0
2.357940 0
1.867709 0
1.281611 0
1.766067 0
1.678133 2
2.352075 0
1.509705 0
0.000000 0
2.181441 1
2.263634 0
1.730266 2
1.050500 2
1.262619 0
1.600283 1
1.779115 2
1.498515 1
1.982114 2
1.395330 1
1.750721 0
1.804981 2
2.044499 2
1.530211 2
1.353991 2
1.868641 1
2.594075 2
1.464504 0
2.017072 1
2.134890 2
2.098447 1
1.471615 2
1.219716 1
1.679138 0
1.282525 2
1.155940 0
1.563474 1
1.679382 0
1.234219 0
1.867867 0
1.455681 2
1.670054 0
1.357412 0
1.219703 2
2.130405 0
1.637994 2
1.922310 1
1.648681 0
1.817665 2
2.021987 1
1.981748 2
1.339114 2
1.322115 2
2.298319 2
2.281406 1
2.073442 1
1.751021 0
1.351457 0
0.000000 0
1.782516 1
0.870302 1
1.732485 0
1.954620 1
2.221057 1
1.824173 2
2.026874 2
1.827024 1
1.513114 0
1.409876 0
1.631280 2
2.413270 2
2.009621 0
1.440921 1
0.980169 0
0.000000 0
1.894710 2
1.701244 1
2.206607 0
0.958633 0
1.937996 1
1.156776 2
1.148784 0
1.465605 0
1.457213 0
1.383182 1
1.587703 0
0.000000 0
1.820028 0
2.489229 1
1.881087 0
2.567581 2
1.270454 1
1.541190 2
2.177302 1
2.119928 1
0.000000 0
2.011499 0
2.105763 2
1.467461 0
1.778689 1
1.792204 0
1.363284 2
1.608433 1
0.670435 0
1.533379 0
1.407332 2
1.753510 2
2.590358 1
2.027599 0
1.681179 1
2.097850 2
1.466411 0
2.182650 0
1.459227 1
0.000000 0
1.726040 2
1.222598 2
2.516879 2
1.300293 2
2.243458 1
1.972390 1
0.000000 0
1.882152 0
1.407685 2
1.577883 2
1.953453 2
1.691445 2
1.762059 2
1.733783 0
1.823114 0
2.256791 0
1.043092 0
1.633770 1
2.207070 2
1.205155 2
1.606505 1
1.363654 1
1.301983 2
1.096189 0
1.758972 0
1.106151 1
2.158960 1
1.771149 1
1.229637 2
0.000000 0
1.474957 1
1.747132 1
1.874147 0
0.000000 0
1.708971 1
2.076911 0
1.789080 2
