4.370924 23
4.519769 35
4.618126 17
4.411434 28
4.580336 27
4.587464 18
4.354454 39
4.153340 11
4.427132 21
4.304146 23
4.539288 2
4.476808 2
4.452149 49
4.401542 33
4.496692 37
4.393618 47
4.491459 39
4.476504 44
4.482389 25
4.441173 28
4.413842 49
4.552349 41
4.318783 11
4.566054 34
4.437688 13
4.597873 25
4.542195 39
4.511056 22
4.280339 10
4.344296 16
4.353356 28
4.148583 30
4.672102 8
4.288294 47
4.504124 27
4.330511 48
4.342768 19
4.554479 16
4.561318 6
4.581336 38
4.518312 26
4.680956 20
4.592274 44
4.362112 32
4.399359 18
4.641921 28
4.683607 21
4.418291 18
4.503666 16
4.519968 40
4.388603 14
4.387080 34
4.308669 3
4.394719 9
4.261064 5
4.514111 38
4.186789 13
4.476020 23
4.426686 2
4.440318 14
4.417932 45
4.404615 11
4.351417 19
4.547196 17
4.512077 5
4.371005 30
4.360626 6
4.515375 25
4.575527 46
4.668714 17
4.401961 42
4.517068 14
4.551791 38
4.287202 36
4.592690 4
4.412540 13
4.317696 17
4.424252 47
4.446945 34
4.388722 13
4.425255 32
4.607613 13
4.635779 45
4.464474 31
4.277300 33
4.388290 3
4.494604 6
4.509005 22
4.347424 1
4.508267 22
4.576414 0
4.407734 16
4.461930 27
4.330535 20
4.639964 44
4.583202 20
4.509681 11
4.397012 13
4.411526 28
4.414471 47
4.341256 5
4.603549 37
4.489643 33
4.565181 37
4.612259 47
4.668636 8
4.172231 37
4.384746 11
4.541939 2
4.070543 46
4.365831 18
4.597811 23
4.524097 22
4.421145 25
4.331900 21
4.468118 31
4.361226 41
4.609342 13
4.429496 46
4.574761 7
4.561328 0
4.352618 37
4.509852 39
4.338374 16
4.331524 17
4.464252 30
4.269769 14
4.334288 39
4.681148 48
4.547049 21
4.443744 25
4.656285 11
4.523216 15
4.396407 12
4.610550 42
4.372241 23
4.558071 5
4.405638 7
4.543244 26
4.608708 12
4.496461 12
4.222504 7
4.420702 29
4.621437 13
4.493170 24
4.574825 11
4.382104 33
4.304081 27
4.563925 14
4.425752 42
4.548063 25
4.533390 3
4.379799 37
4.479816 35
4.436024 23
4.381045 47
4.374459 5
4.469403 31
4.408783 2
4.315614 32
4.497746 27
4.449427 49
4.312576 17
4.634975 21
4.584312 32
4.528706 9
4.464585 15
4.291806 27
4.485716 1
4.372228 32
4.475757 41
4.460788 10
4.344736 35
4.503070 31
4.679911 45
4.399190 12
4.539039 23
4.196225 42
4.488834 27
4.507279 5
4.277432 39
4.476700 31
4.421890 46
4.460763 42
4.471110 42
4.377704 23
4.558948 33
4.399512 24
4.388581 22
4.464300 30
4.526363 20
4.532038 9
4.543359 7
4.550765 29
4.295984 1
4.356628 21
4.510334 45
4.481745 18
4.406754 3
4.556185 8
4.329148 38
4.415573 4
4.601164 41
4.285285 23
4.450617 47
4.554371 49
4.302313 9
4.575844 20
4.499922 23
4.373048 43
4.633120 6
4.411115 4
4.552588 25
4.545710 14
4.084463 33
4.611487 19
4.481400 27
4.560650 0
4.493236 39
4.226413 36
4.489822 18
4.579523 2
4.474555 35
4.434204 36
4.387333 22
4.556085 32
4.600197 10
4.358944 37
4.594123 8
4.447429 35
4.437189 21
4.595107 32
4.353844 13
4.270685 1
4.428899 30
4.435176 1
4.449650 30
4.598162 14
4.615830 21
4.549882 13
4.483534 2
4.387943 36
4.515836 10
4.306557 36
4.457895 49
4.400933 21
4.391115 1
4.410026 26
4.541480 8
4.464977 31
