0.911263 2
0.923456 18
0.620605 17
1.004075 2
1.067488 10
1.159432 17
1.235778 15
1.095942 4
0.572937 13
0.728331 7
0.549106 11
1.006943 5
1.050540 3
0.748173 9
1.043968 7
0.955876 7
1.013760 8
1.135345 14
1.122279 17
0.898390 9
1.229161 14
1.198841 9
1.046798 4
0.665013 13
1.018407 5
1.047163 5
1.167412 18
0.723493 1
0.624448 12
0.992300 19
0.737924 4
0.675892 8
0.970073 15
1.128571 1
0.628826 10
0.968727 16
0.803550 10
0.744405 0
1.013719 1
1.083722 12
1.004049 1
0.799704 17
0.760562 0
0.857862 5
1.210573 11
1.101098 4
1.019717 16
0.752652 0
0.958393 8
1.213092 11
