0.000000 0
1.197274 22
1.313092 20
1.370378 15
1.053765 3
1.518506 9
1.455663 19
1.195493 12
1.355544 21
1.333774 8
1.044448 9
1.152660 9
0.000000 0
1.391105 26
1.526264 19
1.367966 6
0.000000 0
1.275226 29
1.341960 6
1.068754 13
1.453581 0
0.000000 0
1.086635 24
1.176509 1
1.485307 22
0.000000 0
1.295635 20
1.054698 15
1.445990 18
1.440549 11
1.574638 4
1.473747 2
1.135044 4
1.381595 25
0.853268 0
1.125713 29
1.151203 29
1.250189 17
1.296933 6
1.511207 19
1.212121 21
1.086350 21
1.427245 10
1.279382 12
0.000000 0
1.276164 9
1.430632 2
1.256272 11
1.264491 19
1.144379 16
1.387604 11
1.401530 1
1.482578 23
1.396854 23
1.470902 0
1.219724 19
1.381431 13
1.608227 6
1.090383 18
0.000000 0
1.382920 26
1.287509 8
1.495453 5
1.469472 10
1.289532 28
1.330395 29
1.443066 23
1.353916 28
1.217123 28
1.176219 1
1.511714 27
1.492763 6
1.447124 16
1.323763 2
1.453750 26
1.403655 10
1.230236 3
1.261853 0
1.589647 28
1.189469 1
1.232394 9
1.402929 25
1.480314 17
1.472317 3
1.389453 25
1.299696 6
1.225796 20
1.390317 15
1.431210 27
1.475381 28
1.366263 16
1.154006 25
1.277648 17
1.320822 20
1.146390 23
0.000000 0
0.000000 0
0.000000 0
1.296860 27
1.353118 0
1.525249 24
1.245308 13
0.000000 0
1.512091 18
1.222368 0
1.266878 17
1.524791 19
1.355578 23
1.540876 11
0.960811 21
1.382756 26
1.313014 18
1.411952 21
1.384647 10
1.546961 7
1.448491 25
1.545020 14
1.437680 25
1.466592 15
1.583888 14
1.388478 1
1.090042 19
0.000000 0
1.350697 6
1.259536 7
1.273504 4
1.057208 29
1.293315 26
1.082287 27
1.346224 14
1.461261 21
1.192816 20
1.271474 1
1.395271 13
1.223013 14
0.000000 0
1.309232 28
1.120484 5
0.986011 11
1.453696 20
1.487058 7
1.520722 16
1.276919 4
0.896718 6
1.627624 8
0.000000 0
1.445587 0
1.116868 22
1.378254 20
1.059966 22
1.427094 3
1.211219 20
1.410951 24
1.276270 27
1.224288 18
1.142226 22
1.464872 24
1.248398 17
1.417552 13
1.520993 14
1.481332 17
1.467945 15
1.255865 18
1.449862 3
1.335130 27
0.000000 0
1.166105 26
0.999731 0
1.498516 21
1.403787 1
1.486013 28
1.470821 15
1.298086 28
1.306458 19
1.257438 8
1.418845 29
1.394040 28
1.409921 12
1.408034 7
1.406257 20
1.271823 0
1.383659 20
1.521000 16
1.106346 3
1.278490 28
1.557454 25
1.363033 9
1.469272 13
1.330137 16
1.316972 14
1.506627 29
1.517742 27
1.207367 24
1.503796 11
0.952512 12
1.310692 12
1.549243 9
1.522509 4
1.476822 2
1.381910 1
1.507762 8
1.457973 0
1.487087 12
1.111705 7
1.443043 28
1.571282 0
1.219673 25
0.915044 9
1.112597 3
1.373017 0
1.189117 24
1.348611 5
1.172008 8
1.272269 21
0.000000 0
1.116502 6
1.392714 0
1.458822 24
1.191030 23
1.567575 12
1.531622 2
1.631181 26
1.495623 21
1.461296 0
1.342648 3
1.524215 27
1.447933 11
1.308212 19
1.024647 16
1.276651 14
1.421502 18
1.202960 28
1.251256 29
1.166744 20
1.430018 5
1.395937 0
1.526247 13
1.057693 18
1.320180 0
1.437005 7
1.175867 17
1.452676 25
0.000000 0
1.176551 18
1.522484 15
1.387393 26
1.543343 4
1.512069 29
1.241334 24
0.000000 0
