-0.129309 13
0.087456 14
0.162350 14
0.320090 10
0.317907 3
0.524902 19
-0.281091 19
0.327655 3
-0.476125 9
-0.539770 14
0.267958 11
-0.188102 11
-0.230681 8
0.426578 9
-0.220628 0
0.265224 16
0.372759 19
-0.027050 8
1.007278 17
-0.184061 3
1.102254 14
-0.409138 7
0.801498 4
0.040588 5
-0.296376 15
-0.179339 19
-0.574596 8
-0.292712 15
-0.378068 6
0.551680 18
0.051266 9
0.504946 8
0.308368 5
0.090853 16
-0.646432 7
-0.226029 4
0.119735 8
0.095415 17
-0.139110 17
0.030930 10
0.429042 16
0.234795 12
0.299185 9
0.436695 3
-0.084376 13
-0.466022 1
0.132182 3
-0.352770 10
-0.782068 6
0.134800 19
