0.000000 0
3.515070 16
3.892119 6
3.904454 3
3.895181 10
3.859864 20
3.934324 5
3.798782 5
3.831223 8
3.512903 18
0.000000 0
3.953756 20
3.957821 14
3.599070 0
3.851630 24
3.759412 21
4.310924 22
3.988821 13
3.879231 9
3.774310 6
3.726149 5
3.816957 22
0.000000 0
3.466763 15
4.062138 13
3.656935 15
4.124753 13
3.881085 0
4.408771 14
3.751976 19
4.064644 4
3.927503 8
2.833666 20
3.548673 3
4.018894 8
4.002648 22
3.616080 19
3.585813 9
4.040028 21
3.900500 5
4.182469 19
3.859285 24
3.741194 19
3.942040 19
4.060421 8
3.628916 7
4.005812 4
0.000000 0
0.000000 0
3.692729 18
3.889903 15
4.085826 12
3.785727 9
3.675928 10
3.880281 5
3.869990 12
3.883079 19
3.773071 2
3.763667 24
4.047904 2
4.204771 7
0.000000 0
3.536126 24
3.908226 23
3.996434 8
4.008062 21
3.817599 1
0.000000 0
4.060948 14
3.955048 17
3.631214 5
3.853621 6
4.243862 5
4.007486 12
3.716088 18
3.867913 11
4.012768 1
4.111108 23
4.148034 14
0.000000 0
4.084918 18
4.205798 11
0.000000 0
4.179294 16
4.083433 17
4.172085 11
3.661948 5
4.175547 24
4.081023 17
3.748591 14
3.934703 2
3.852057 4
3.842856 7
4.273682 6
3.587138 2
3.805511 11
3.576016 11
3.919507 3
4.160973 4
3.905327 4
